

# 费用数据录入模板
# input文件格式说明：
#   每一行代表一天的数据，格式为：{[月份,日期],[编号,费用,编号,费用,...]}
#   示例：{[4,11],[52,1,91,1,46,1]} 表示 4月11日，编号52费用1元，编号91费用1元，编号46费用1元
#   注意：费用可以是整数或小数
#   空日期可以写：{[4,20],[]}
#
# 使用方法：
#   1. 每天录入时，添加一行新数据（按日期顺序）
#   2. 保存文件后，运行费用统计软件即可自动读取更新
#   3. 支持重复编号（同一天内同一编号出现多次会自动累加）
#
# 当前数据（示例）：

{[4,11],[52,1,91,1,46,1,95,1,106,0.7,34,0.7,16,0.7,93,1,91,1,5,1,42,1,2,0.7,10,0.8,32,1,80,1,82,0.7,28,1,10,0.8,37,0.7,78,1]}
{[4,12],[107,185,0.7101,0.776,0.797,0.7102,143,0.7105,0.789,164,0.770,0.7105,0.755,0.7103,148,1,20,0.7,68,0.7,106,0.7,47,1,87,0.7,26,0.7,92,1,110,0.7,58,1,94,0.7,99,0.7,3,0.7,18,1,93,1,101,0.7,30,0.5,18,1,8,0.7,32,1,80,0.3,2,0.7,30,0.5,52,1,110,0.7,30,0.7,110,0.7,50,1,46,1,37,0.7,30,0.5,66,1,65,1,57,1,22,1,56,1,14,0.8,95,1,12,0.7]}
{[4,20],[]}
{[4,21],[]}
{[4,22],[]}
{[4,23],[]}


# num_name.txt 里面是编号对应的名字
# 如下：

1,赛灵泛
2,赛房东
3,二月底
4,忒儿李逵从
5,他小翠
52,天而为重点